8.239318652471819826e-01
7.214904509745214689e-01
8.155516610391216892e-01
6.761957086375733894e-01
6.617119381308282922e-01
6.804597982306974657e-01
6.700570857156611382e-01
6.193053872783772507e-01
6.646094221034729577e-01
5.337503457028192067e-01
5.590210434727993505e-01
4.792187640989854502e-01
5.424135002842651598e-01
4.979144265031615890e-01
5.102835909659932945e-01
4.041087277641469688e-01
4.282202323035236846e-01
3.287546156240631623e-01
3.743033097786745977e-01
3.217670132184635712e-01
2.423198248679097055e-01
2.525768012491714787e-01
2.583399707093488873e-01
2.444779824975631954e-01
1.843747971318166756e-01
