7.303906249999998768e-02
1.116171875000000063e-01
1.566328124999999960e-01
1.869218749999999596e-01
2.276406249999999853e-01
2.499609375000000355e-01
3.112968750000000284e-01
3.273906249999999352e-01
3.973437499999998845e-01
4.185312499999999103e-01
4.777578124999999898e-01
4.969609374999999218e-01
5.324062499999999698e-01
5.738671875000000977e-01
6.204921875000000142e-01
6.473593749999999591e-01
6.896875000000000089e-01
7.282812499999999911e-01
7.802187500000000719e-01
8.017265625000000728e-01
8.426562499999997735e-01
8.737734374999999165e-01
9.126718749999996882e-01
9.509843750000003260e-01
9.841562500000001767e-01
