2.524999999999999911e+00
2.674999999999999822e+00
2.399999999999999911e+00
2.799999999999999822e+00
3.750000000000000000e+00
3.100000000000000089e+00
3.399999999999999911e+00
3.424999999999999822e+00
4.349999999999999645e+00
5.349999999999999645e+00
4.750000000000000000e+00
6.325000000000000178e+00
5.825000000000000178e+00
7.750000000000000000e+00
7.525000000000000355e+00
8.000000000000000000e+00
9.250000000000000000e+00
1.630000000000000071e+01
1.565000000000000036e+01
1.330000000000000071e+01
2.110000000000000142e+01
2.227499999999999858e+01
2.552499999999999858e+01
2.525000000000000000e+01
4.382500000000000284e+01
