9.166999999999999593e-01
8.655000000000001581e-01
9.169249999999997680e-01
8.619999999999998774e-01
8.689749999999996088e-01
8.439500000000002000e-01
8.649250000000000549e-01
8.798749999999999627e-01
8.610500000000002041e-01
8.187750000000001416e-01
8.305750000000001743e-01
8.125500000000001055e-01
8.234750000000001791e-01
7.975249999999995953e-01
8.150500000000000522e-01
7.684499999999999664e-01
7.640249999999999542e-01
7.433250000000000135e-01
7.626999999999999336e-01
7.395499999999998186e-01
6.970499999999999474e-01
7.161749999999997840e-01
6.994999999999997886e-01
7.216249999999999609e-01
6.533499999999999863e-01
